           1           0
           2           0
           3           0
           4           2
           5           5
           6           6
           7           9
           8          14
           9          22
          10          33
          11          51
          12          66
          13          81
          14          97
          15         114
          16         141
          17         160
          18         184
          19         216
          20         233
          21         259
          22         283
          23         319
          24         340
          25         375
          26         404
          27         439
          28         475
          29         517
          30         553
          31         584
          32         608
          33         646
          34         682
          35         716
          36         755
          37         790
          38         824
          39         857
          40         888
          41         923
          42         953
          43         979
          44        1009
          45        1042
          46        1079
          47        1115
          48        1163
          49        1203
          50        1238
          51        1271
          52        1300
          53        1347
          54        1385
          55        1420
          56        1457